      0/99     3.61G   0.09625   0.03637   0.02732    0.1599        10       512         0         0    0.1251   0.02547   0.06754    0.0256   0.02315
      1/99     3.82G   0.06474   0.03431   0.01974    0.1188         7       512    0.2164    0.7845    0.5408    0.1829   0.06002   0.01715   0.01117
      2/99     3.82G   0.05484   0.02574   0.01023   0.09081         9       512    0.3129    0.9068    0.5893    0.2288   0.04842   0.01412  0.004751
      3/99     3.82G   0.05014   0.02073  0.006867   0.07774         5       512    0.2673    0.9187    0.6127    0.3256   0.05141   0.01207  0.003942
      4/99     3.82G   0.04602   0.02014   0.00588   0.07204         5       512    0.5335    0.9324    0.8898    0.4329   0.04218   0.01131  0.003075
      5/99     3.82G    0.0431   0.01915  0.004982   0.06724         6       512    0.4098    0.9382    0.7712      0.37   0.04392   0.01095  0.004996
      6/99     3.82G   0.04024   0.01832  0.005002   0.06357         6       512    0.5846    0.9544    0.9044    0.4762   0.03696   0.01079  0.002734
      7/99     3.82G   0.04443   0.01817  0.004939   0.06753         6       512    0.6408    0.9303    0.9177    0.4932   0.03837   0.01075  0.002635
      8/99     3.82G   0.04242   0.01851  0.004978   0.06591         8       512    0.6011    0.9261    0.8782    0.4675   0.03701   0.01061  0.003424
      9/99     3.82G   0.04075   0.01778  0.004826   0.06336        10       512    0.7199    0.9235     0.918    0.4591    0.0369   0.01088  0.003885
     10/99     3.82G   0.03997   0.01777   0.00458   0.06232         6       512     0.675    0.9226    0.9235    0.5131   0.03548   0.01079  0.003086
     11/99     3.82G   0.03712   0.01793  0.004627   0.05968         8       512    0.7105    0.9529    0.9299    0.5314   0.03476   0.01078  0.002228
     12/99     3.82G   0.03796    0.0183  0.004164   0.06042        10       512     0.745    0.9575    0.9487    0.5363   0.03377   0.01061  0.002052
     13/99     3.82G   0.03598   0.01795  0.003974    0.0579         9       512     0.733    0.9256    0.9247    0.5151   0.03277     0.011  0.003435
     14/99     3.82G   0.03577   0.01817  0.005146   0.05909         5       512    0.6895    0.9136    0.8941    0.5124   0.03329   0.01124  0.003968
     15/99     3.82G    0.0354   0.01861  0.005196   0.05921         3       512    0.5262    0.8408    0.7899    0.4442   0.03515   0.01294  0.009255
     16/99     3.82G   0.03458   0.01898  0.004963   0.05852         9       512    0.6141    0.9219    0.9119    0.5316   0.03266   0.01124  0.005866
     17/99     3.82G   0.03361   0.01798    0.0049   0.05648         6       512    0.6547    0.9555    0.9433    0.5613   0.03145   0.01059  0.002419
     18/99     3.82G   0.03283   0.01829  0.004376   0.05549        12       512    0.6942    0.9009    0.9014    0.5321   0.03122   0.01046   0.01048
     19/99     3.82G   0.03281   0.01832  0.003967    0.0551        17       512    0.7909    0.9351    0.9381    0.5484   0.03022   0.01032  0.002255
     20/99     3.82G   0.03239   0.01758  0.002882   0.05285         9       512    0.7335    0.9251    0.9209    0.5537   0.03124    0.0104  0.005733
     21/99     3.82G   0.03168   0.01779  0.003611   0.05308         9       512    0.7866    0.9493    0.9435    0.5619   0.03031   0.01042  0.001828
     22/99     3.82G   0.03093   0.01733  0.003945   0.05221        14       512    0.8086    0.9408    0.9269     0.568   0.03035   0.01021  0.001903
     23/99     3.82G   0.03082   0.01725  0.003365   0.05144         5       512    0.7542    0.9619    0.9489    0.5668   0.02924  0.009922  0.001877
     24/99     3.82G    0.0301   0.01698  0.003161   0.05024         9       512    0.8153    0.9362    0.9345    0.5631   0.02978   0.01055  0.001346
     25/99     3.82G   0.03069   0.01695  0.003245   0.05089         9       512       0.8    0.9382    0.9447    0.5772   0.02981   0.01024  0.002539
     26/99     3.82G   0.03005   0.01717  0.002818   0.05004         8       512     0.787    0.9588    0.9442    0.5748   0.02915   0.01009  0.002861
     27/99     3.82G   0.02992   0.01687  0.003019   0.04981        13       512    0.8189    0.9373    0.9449    0.5887   0.02942   0.01011   0.00162
     28/99     3.82G   0.02972   0.01674  0.002799   0.04926        10       512    0.7857    0.9513    0.9468    0.5875   0.02807   0.01001  0.001538
     29/99     3.82G   0.02944   0.01705  0.003167   0.04966        11       512    0.8418    0.9388    0.9415    0.5877   0.02844    0.0104  0.001166
     30/99     3.82G   0.02872   0.01646  0.003057   0.04823         8       512    0.7797    0.9399    0.9209    0.5634   0.02876   0.01004  0.002644
     31/99     3.82G    0.0292   0.01664  0.002803   0.04865        10       512    0.8227    0.9493    0.9511    0.5792    0.0288  0.009948  0.001779
     32/99     3.82G   0.02846   0.01675   0.00259    0.0478        13       512    0.8363    0.9351     0.932    0.5551   0.02918   0.01038  0.001818
     33/99     3.82G   0.02837   0.01625  0.002964   0.04758         6       512    0.8523     0.946    0.9495    0.5803    0.0285   0.01017 0.0009883
     34/99     3.82G   0.02836    0.0165  0.002445    0.0473         8       512    0.7853    0.9482    0.9458    0.5876   0.02889   0.01026   0.00295
     35/99     3.82G   0.02832    0.0164  0.002308   0.04703        10       512    0.8383    0.9456    0.9509    0.5862    0.0281   0.01001  0.001138
     36/99     3.82G   0.02777   0.01584  0.002707   0.04632         6       512    0.8534    0.9252    0.9492    0.5927   0.02874   0.01041  0.001039
     37/99     3.82G   0.02751   0.01577  0.002751   0.04603         6       512    0.8295    0.9187    0.9244    0.5881   0.02854   0.01039  0.002827
     38/99     3.82G   0.02767   0.01576  0.002435   0.04587         9       512    0.8161    0.9524    0.9434    0.5793   0.02854    0.0105  0.001499
     39/99     3.82G   0.02742   0.01594  0.001852   0.04522        12       512    0.8231    0.9456    0.9455    0.5927   0.02772   0.01013  0.001755
     40/99     3.82G   0.02715   0.01578  0.002326   0.04526         7       512    0.8018    0.9434    0.9417    0.5905   0.02819   0.01024   0.00167
     41/99     3.82G   0.02724   0.01595     0.002   0.04519         6       512    0.8102    0.9654     0.946    0.5905    0.0275  0.009866  0.001588
     42/99     3.82G   0.02728   0.01606  0.002016   0.04535        16       512    0.8384     0.934    0.9393    0.5847   0.02777  0.009931  0.001682
     43/99     3.82G   0.02651   0.01565  0.001792   0.04395        11       512    0.8237    0.9524    0.9449    0.5901   0.02737  0.009699  0.001951
     44/99     3.82G   0.02596   0.01545   0.00193   0.04335         9       512    0.8292     0.934    0.9263    0.5794   0.02825   0.01042  0.001419
     45/99     3.82G   0.02664   0.01531  0.001974   0.04393         4       512    0.8332    0.9586    0.9449    0.5923   0.02814  0.009817  0.001735
     46/99     3.82G   0.02575   0.01558  0.001618   0.04295         8       512    0.8374    0.9586    0.9351    0.5746   0.02787   0.01002   0.00138
     47/99     3.82G   0.02526   0.01555  0.001686   0.04249        10       512      0.86     0.939    0.9447    0.5908   0.02791  0.009992  0.001302
     48/99     3.82G   0.02512   0.01537  0.001797   0.04229        10       512    0.8288    0.9377    0.9457    0.5969   0.02785  0.009924  0.001252
     49/99     3.82G   0.02543   0.01489  0.001561   0.04188         9       512    0.8164    0.9439    0.9394    0.5841   0.02801    0.0102  0.001459
     50/99     3.82G   0.02534   0.01518  0.001808   0.04232         9       512    0.7813    0.9425    0.9216     0.571   0.02839   0.01013  0.002118
     51/99     3.82G   0.02544   0.01474  0.001812   0.04199         7       512    0.8586    0.9524    0.9384    0.5729   0.02778  0.009983  0.002298
     52/99     3.82G   0.02541   0.01536  0.001798   0.04257         8       512    0.8506    0.9445    0.9429    0.5833   0.02804  0.009981  0.001787
     53/99     3.82G   0.02481   0.01513  0.001926   0.04186        10       512    0.8436    0.9408    0.9451    0.5859   0.02822   0.01021   0.00243
     54/99     3.82G   0.02437   0.01472  0.001351   0.04045         6       512    0.8704    0.9395    0.9378    0.5821   0.02872   0.01014   0.00279
     55/99     3.82G    0.0246   0.01449  0.001813    0.0409         9       512    0.8115    0.9482    0.9363    0.5702   0.02866   0.01007  0.002225
     56/99     3.82G   0.02488   0.01481  0.001577   0.04127        10       512    0.8432    0.9544    0.9496    0.5937     0.028   0.01001  0.001785
     57/99     3.82G   0.02462   0.01472  0.001522   0.04086         5       512    0.8274    0.9471    0.9358    0.5727   0.02768   0.01014  0.001359
     58/99     3.82G   0.02403   0.01449  0.001541   0.04006         8       512    0.8437    0.9486    0.9366    0.5677   0.02847   0.01033  0.001835
     59/99     3.82G   0.02414    0.0151  0.001813   0.04105         9       512    0.8542    0.9512    0.9425    0.5944   0.02792   0.01027  0.001318
     60/99     3.82G   0.02407   0.01488  0.002024   0.04097         6       512    0.8687    0.9414    0.9373    0.5851    0.0285   0.01044  0.001399
     61/99     3.82G    0.0235   0.01462  0.001386    0.0395         5       512    0.8736    0.9586    0.9368    0.5823   0.02786   0.01022  0.001122
     62/99     3.82G    0.0233   0.01458  0.001941   0.03982         8       512    0.8605    0.9513    0.9309    0.5744   0.02794   0.01017  0.001524
     63/99     3.82G    0.0229    0.0147   0.00145   0.03906         8       512    0.8499     0.955    0.9449    0.5827   0.02791   0.01021   0.00167
     64/99     3.82G   0.02308   0.01467  0.001531   0.03927         8       512    0.8438    0.9507    0.9361    0.5767   0.02804   0.01032  0.001333
     65/99     3.82G   0.02293    0.0143  0.001401   0.03863         6       512    0.8612     0.955     0.943    0.5708   0.02754   0.01027  0.001471
     66/99     3.82G   0.02307   0.01416  0.001836   0.03906         6       512    0.8458    0.9507    0.9396      0.58   0.02851   0.01011  0.001731
     67/99     3.82G   0.02265   0.01448  0.001412   0.03854        12       512    0.8558    0.9471    0.9329    0.5748   0.02798   0.01049  0.002266
     68/99     3.82G   0.02255   0.01411  0.001219   0.03788         5       512    0.8371    0.9513    0.9403    0.5924   0.02744   0.01005  0.002238
     69/99     3.82G    0.0225   0.01437  0.001263   0.03813         7       512    0.8519    0.9482    0.9406    0.5766   0.02818   0.01035  0.002569
     70/99     3.82G   0.02203   0.01371  0.001352   0.03709         7       512    0.8375    0.9403    0.9353    0.5791   0.02786   0.01027  0.001706
     71/99     3.82G   0.02234   0.01385  0.001459   0.03764        12       512    0.8733    0.9492    0.9383    0.5867   0.02758   0.01015  0.001704
     72/99     3.82G   0.02221   0.01384  0.001312   0.03735        10       512    0.8748    0.9476    0.9233    0.5778   0.02768   0.01041  0.001718
     73/99     3.82G   0.02218    0.0138  0.001629   0.03761         8       512    0.8544    0.9414    0.9384    0.5863   0.02806   0.01033  0.001787
     74/99     3.82G    0.0224   0.01369  0.001335   0.03742         8       512    0.8737    0.9507    0.9405    0.5779   0.02743   0.01019  0.001376
     75/99     3.82G   0.02193   0.01371  0.001151    0.0368        12       512    0.8501    0.9474    0.9413    0.5792   0.02786    0.0103  0.001732
     76/99     3.82G   0.02155   0.01384  0.001144   0.03654         6       512    0.8686    0.9476    0.9432    0.5877   0.02786    0.0104  0.001397
     77/99     3.82G   0.02144   0.01327  0.001296   0.03601         9       512    0.8273    0.9408    0.9419    0.5763   0.02796   0.01042  0.001719
     78/99     3.82G   0.02142   0.01358   0.00147   0.03648         6       512    0.8508    0.9371    0.9347    0.5945   0.02792   0.01069  0.001816
     79/99     3.82G   0.02143   0.01341  0.001346   0.03618         9       512    0.8723    0.9377    0.9294    0.5683    0.0284    0.0106  0.002066
     80/99     3.82G   0.02138   0.01327  0.001089   0.03573         6       512    0.8747    0.9292    0.9257    0.5752   0.02856   0.01074  0.002291
     81/99     3.82G    0.0212   0.01352  0.001249   0.03597         4       512    0.8666    0.9476    0.9486    0.5891   0.02782    0.0102  0.001822
     82/99     3.82G   0.02104   0.01328 0.0009665   0.03529         7       512    0.8686     0.934    0.9397    0.5879   0.02831    0.0106  0.002166
     83/99     3.82G   0.02076   0.01332  0.001027   0.03512         8       512     0.877    0.9414    0.9372    0.5774    0.0279   0.01059  0.001667
     84/99     3.82G   0.02068   0.01298  0.001253   0.03491         7       512    0.8827    0.9507    0.9444    0.5801   0.02748   0.01034   0.00162
     85/99     3.82G   0.02069   0.01344  0.001261   0.03539         7       512    0.8725    0.9445    0.9375    0.5894   0.02803   0.01022  0.001765
     86/99     3.82G   0.02072    0.0132  0.001134   0.03505         6       512    0.8833    0.9421    0.9402    0.5765   0.02795   0.01044  0.001569
     87/99     3.82G   0.02026   0.01324  0.001127   0.03462         7       512    0.8515     0.955    0.9363    0.5661   0.02777   0.01014  0.001581
     88/99     3.82G   0.02069   0.01342 0.0009009   0.03501         5       512    0.8683    0.9354    0.9395    0.5791   0.02824   0.01043  0.001677
     89/99     3.82G   0.02039   0.01328  0.001076   0.03475         9       512    0.8614    0.9408    0.9383    0.5731   0.02816   0.01058  0.001663
     90/99     3.82G   0.02025   0.01365  0.001055   0.03495        10       512    0.8653    0.9441    0.9289    0.5626   0.02794   0.01047  0.001864
     91/99     3.82G   0.02049   0.01289 0.0008499   0.03423         4       512    0.8826    0.9309     0.931    0.5706   0.02836   0.01079  0.001909
     92/99     3.82G   0.02039   0.01315 0.0009846   0.03453         7       512    0.8723    0.9408    0.9359    0.5868   0.02784   0.01062  0.003204
     93/99     3.82G   0.02008   0.01276 0.0009305   0.03377        11       512    0.8618    0.9377    0.9295    0.5729   0.02812   0.01079  0.002158
     94/99     3.82G   0.02022   0.01339  0.001181    0.0348         8       512    0.8783     0.945    0.9393    0.5793   0.02788   0.01068  0.001872
     95/99     3.82G   0.01989   0.01326 0.0009056   0.03406        13       512    0.8879    0.9331    0.9263    0.5722   0.02809   0.01082  0.002925
     96/99     3.82G    0.0198   0.01263  0.001084   0.03351         8       512    0.8826    0.9414    0.9241    0.5739   0.02799   0.01074  0.002279
     97/99     3.82G    0.0197   0.01296  0.001321   0.03399         8       512    0.8733    0.9394    0.9215    0.5709   0.02826   0.01087  0.002559
     98/99     3.82G   0.01957   0.01258 0.0009849   0.03314        12       512    0.8769    0.9465    0.9281    0.5709   0.02768   0.01068  0.001991
     99/99     3.82G   0.01905   0.01249 0.0009125   0.03244         5       512    0.8663    0.9325    0.9156    0.5578   0.02826   0.01087  0.002513
